1	0.033	71	67	34	33	32	62	39	59	60	58	57	55	54	48	47	46	45	-1	45	46	47	48	54	55	57	58	60	59	39	62	63	66	68	67	71	69
2	0.017	71	67	34	33	32	62	39	59	60	58	57	55	56	55	54	48	47	49	-1	49	48	54	55	56	55	57	58	60	59	39	62	63	66	68	67	71
3	0.033	71	67	34	33	32	62	39	59	60	58	61	65	80	70	73	75	-1	75	73	70	80	65	61	58	60	59	39	62	63	66	68	67	71	69
4	0.033	71	67	34	33	31	28	27	25	23	10	8	5	6	-1	6	5	8	10	23	24	27	28	31	30	32	66	68	67	71
5	0.017	71	67	34	33	32	62	59	39	40	41	42	43	44	-1	44	43	42	41	40	39	59	62	63	66	68	67	71	69
6	0.033	71	67	34	33	32	30	29	24	23	25	18	19	21	17	15	13	-1	13	15	17	21	19	18	25	23	24	29	30	32	66	68	67	71
7	0.033	71	67	34	33	32	30	29	24	23	25	18	14	16	15	13	-1	13	15	16	14	18	25	23	24	29	30	32	33	66	68	67	71
8	0.017	71	67	34	33	31	28	26	22	18	14	9	7	2	1	-1	1	2	7	9	14	18	22	26	28	31	33	66	68	67	71
9	0.05	71	67	34	33	32	62	59	39	38	37	36	35	23	10	8	5	6	4	3	2	1	-1	1	2	3	4	6	5	8	10	23	35	36	37	38	39	59	62	63	66	68	67	71
10	0.033	59	63	66	68	67	34	33	31	28	27	22	20	21	17	13	12	11	-1	11	12	13	17	21	20	22	27	28	31	33	66	68	67	68	66	63	59
11	0.05	71	67	34	33	32	62	39	59	60	58	57	55	54	53	52	51	50	-1	50	51	52	53	54	55	57	58	60	59	63	66	68	67	71
12	0.017	67	34	33	32	66	68	71	69	70	74	75	76	77	78	79	84	83	72	82	81	80	65	64	60	59	62	63	66	68
13	0.017	67	34	33	32	62	39	59	60	64	65	80	81	82	72	83	84	79	78	77	76	75	74	71
